502
1012 1775
295 1372
1536 1293
1971 1176
1977 938
1862 1087
261 130
78 1004
1497 452
2000 467
617 228
1034 1508
1550 681
1384 1497
1954 1453
171 1225
1958 789
947 1900
522 570
111 15
1856 1226
887 1947
917 1394
1282 1178
1686 1887
1735 1418
1545 1847
387 785
742 787
1823 856
1910 474
1223 524
768 638
1130 1473
1184 178
483 928
342 1985
612 1391
1342 1087
592 156
1399 206
1812 67
1719 754
1681 111
402 163
1159 1735
747 1256
105 1382
4 363
1180 279
265 1809
1994 1508
1405 808
1076 1560
1236 997
1444 1655
195 1667
1457 1704
663 1156
806 14
957 1019
1072 1022
1020 748
181 1087
1881 1230
1388 979
1908 313
1892 1591
212 304
663 912
1678 122
875 1406
719 1504
1541 1081
1799 401
720 848
1558 1166
1322 1246
738 973
489 658
627 1990
1680 7
1609 466
1748 1882
1775 1867
1493 360
493 1895
337 836
145 1667
303 1517
1207 1100
1288 1480
510 540
1421 743
992 647
853 1240
1816 6
285 1688
442 868
1797 254
1757 1659
1306 1933
909 360
356 1664
829 487
1101 1071
670 972
1451 1528
703 200
1497 1069
1045 1006
891 1128
1014 253
545 487
1611 649
394 1278
1871 49
1760 1549
1795 1355
571 151
185 1757
1914 505
1547 1782
570 844
556 758
986 242
1371 728
1210 752
768 179
919 656
1816 1869
54 181
93 1824
1201 622
1212 1902
1733 1348
1630 1347
885 1288
1092 387
1582 1232
1684 1701
1931 853
1664 153
1907 1143
840 1009
782 1616
436 1915
335 316
1704 1734
413 1723
582 1949
1632 655
1025 1638
613 25
1844 1922
1660 381
597 1688
973 116
1938 1201
517 1941
1918 59
1782 204
1120 117
912 1715
1013 569
1585 1359
1975 1860
651 1736
70 1277
1829 26
1540 1882
1300 918
1350 402
1020 749
943 219
379 504
1217 472
1806 524
167 1429
1536 908
727 899
1012 1275
338 301
407 738
1037 1238
47 662
1372 491
401 36
759 864
855 719
1098 163
773 794
191 1081
143 1503
55 128
1569 641
1741 922
1300 642
871 25
581 1049
1995 283
1713 1705
173 1717
1132 726
71 1770
1765 1303
575 818
1810 564
127 219
1085 1257
159 905
684 910
1669 1406
922 450
1192 1760
1166 735
284 1806
724 815
451 1068
621 474
1950 1418
1432 285
364 267
67 924
1112 737
515 653
940 1324
891 1090
1600 804
37 768
796 682
1534 312
605 1030
1019 769
94 995
113 1060
1598 611
1308 741
1474 399
546 1402
1339 1998
1338 456
1246 514
1795 960
915 1635
1216 1648
1031 1854
1679 1268
1884 1121
1681 1334
1248 1298
830 117
624 1456
1055 329
16 150
1617 1201
258 635
1429 798
1344 1079
1066 92
1235 60
1855 460
1780 466
29 1745
933 41
858 353
719 1213
155 42
1169 1222
1832 1790
1459 1467
944 766
18 15
1391 397
425 882
1924 805
55 1590
99 1189
1444 371
338 158
1428 1311
1397 1976
1293 1265
483 1046
480 1388
1630 123
1247 1277
633 1769
1116 1089
442 1765
1076 1632
1320 52
118 54
299 1130
1114 966
598 798
884 1675
363 149
70 969
1474 754
1533 345
1917 1037
1253 1801
1558 778
957 331
74 355
1929 573
1083 1796
1991 1345
1859 1239
966 1353
1933 1514
791 832
1240 1573
915 485
1700 147
1616 1689
233 731
1716 283
800 317
496 1521
173 784
893 243
869 312
592 567
158 725
1111 235
1788 180
413 403
247 421
562 1985
1864 473
632 1927
740 241
341 352
81 1709
546 1542
744 1446
1180 1149
622 548
1964 928
982 348
327 975
1037 1382
1901 53
319 1313
37 380
1756 511
1657 1701
153 967
1504 629
1972 241
487 450
180 1570
1491 343
1001 1264
1782 1699
458 1634
1004 1517
147 1657
891 1358
340 288
34 768
1672 167
1787 234
1789 1480
997 1656
1045 1335
957 742
1861 1878
795 1468
1891 1559
1053 1055
1532 338
1922 122
1507 141
1555 496
76 146
290 1684
207 1720
778 13
1783 1258
554 1521
268 127
655 1123
678 263
1656 269
863 1424
1467 781
1235 980
1236 1335
245 1665
727 1649
1926 502
1580 900
1046 1273
535 142
1100 782
1685 634
1006 1532
788 1406
1684 800
1444 1245
486 1286
1634 653
679 1509
449 1228
484 1443
1769 118
532 906
1596 1766
547 1756
78 1405
1729 1514
1169 81
1740 834
1776 1704
192 1831
1652 1446
222 1482
1163 640
869 928
221 1537
824 1307
1658 1657
1014 1567
103 101
1937 1022
859 1928
723 40
1517 973
117 1553
914 1846
1734 746
1036 654
1792 323
1897 1050
1743 956
898 1620
1535 541
582 422
1856 1512
1068 173
732 1675
1767 1171
972 1724
724 183
1966 191
524 1316
14 376
1804 78
272 1004
1866 691
1670 1053
359 982
125 1239
394 182
1458 1096
1117 605
486 741
1114 59
980 1866
1682 68
1600 1715
1085 1552
433 1582
1606 1160
737 504
150 852
1647 377
504 1679
1317 786
1047 1734
1331 542
725 871
1075 1919
831 1274
1262 1745
1099 406
1323 1798
1091 1955
1969 807
550 543
1633 1235
1446 955
946 265
959 109
238 1436
743 195
819 1949
738 1059
991 214
478 514
751 333
1898 993
1406 1744
1530 1849
1286 549
1711 510
236 504
101 97
1097 1770
